Indigestion
===========
(-21.4, 27.7)
(-24.4, 27.6)
(-26.1, 25)
(-26, 18.7)
(-20.9, 18.2)
(-18.4, 21.5)
(-15.5, 24)
(-10.4, 23.3)
(-9.7, 19.9)
(-10.9, 17.7)
(-16.3, 16.3)
(-21.1, 13.7)
(-24.5, 9.6)
(-26.7, 2.5)
(-26.3, -3)
(-3.3, 2.8)
(-22.4, 2.3)
(-22.2, 5.5)
(-2.2, 4.4)
(-15.3, 11.3)
(-12.7, 13.5)
(-1.3, 5.6)
(-3.7, 16.2)
(-1, 16.5)
(0.3, 6.1)
(3.4, 16.2)
(5.4, 15.3)
(1.6, 4.6)
(12.2, 8.8)
(13.3, 5.9)
(1.9, 3.4)
(13.6, 1.1)
(13.3, -1.1)
(1.5, 2.1)
(8.6, -5.9)
(6.1, -8.2)
(0.3, 0.8)
(1.1, -8.9)
(-1.8, -8.9)
(-1.4, 1.2)
(-5.4, -7.2)
(-8.2, -5.7)
(-3.2, 1.2)
(-24.9, -6.4)
(-23.7, -10.2)
(-19.9, -14.3)
(-16, -14.4)
(-14.8, -11.6)
(-10.5, -11.8)
(-7.2, -15.5)
(-8.7, -20)
(-9, -24)
(-6.2, -27.5)
(1.3, -28.5)
(6.1, -27.4)
(7.5, -24.7)
(5.7, -20)
(10.1, -15.8)
(17.9, -13.8)
(20.2, -17)
(21.3, -20.5)
(26.1, -20.3)
(29.2, -18.2)
(29.2, -11.1)
(27.4, -6.5)
(21.5, -3.5)
(19, 0.5)
(19, 4.2)
(21.8, 6.8)
(26.3, 7.2)
(29.5, 11.7)
(29, 16.1)
(25.6, 16)
(20.9, 14.8)
(18.1, 15.8)
(18.8, 18.5)
(23.6, 20.3)
(27.5, 21.4)
(29, 24.1)
(24, 30.8)
(16.7, 31.4)
(9.5, 30.9)
(9.2, 26.5)
(13.7, 25.7)
(18, 25.8)
(15.6, 21)
(10.8, 21)
(5, 21.5)
(4.4, 28.6)
(1.1, 33)
(-3, 32.2)
(-3.4, 26.6)
(-1.8, 23.2)
(-4.2, 21.9)
(-6.9, 24.7)
(-9.6, 27.4)
(-14.2, 27.5)
